2.008658487790427882e-01 9.425160752560121646e-02 3.996133517061115081e-01 4.280054281274809913e-01 4.063977342019731154e-01 1.467587528107892614e-01 3.773696712908428119e-01 3.582701423764771964e-01 3.505269491694829043e-01 2.919221202443401109e-01
1.762682168551355788e-01 1.305009450805491300e-01 4.521101325756226585e-01 4.949076805077723407e-01 4.544572748020048181e-01 1.924722717082538170e-01 4.331399806769631877e-01 4.530951339445815074e-01 4.250461454948978313e-01 3.089384933992366800e-01
1.592288541148119685e-01 1.771823793364266098e-01 4.556081289011419400e-01 5.386308022692773978e-01 4.459104088997014603e-01 2.334816328916546058e-01 4.834794503712793734e-01 4.931143161597171809e-01 4.566830456043800557e-01 3.112953244373278805e-01
1.490673225607123675e-01 2.124933675941081956e-01 4.346628664990044300e-01 5.670811196591519776e-01 4.275419679185413768e-01 2.706750325351843789e-01 5.193056580306524284e-01 5.163609583388321100e-01 4.759522822614047910e-01 3.121307414821307691e-01
1.437663438942178296e-01 2.417731371353415426e-01 4.187160526214134260e-01 5.893201638669226528e-01 4.065828024528436169e-01 2.980452867534540418e-01 5.480814883771210066e-01 5.316887974484372226e-01 4.956923636345692552e-01 3.121422280602678678e-01
1.397099919633912057e-01 2.678526375033332130e-01 4.036306020349488266e-01 5.985242710009986977e-01 3.930689528326517523e-01 3.216312106645356494e-01 5.628270766158285365e-01 5.419392832603053822e-01 5.113279862724663394e-01 3.136185120695723083e-01
1.405681188885953836e-01 2.894630334858741549e-01 3.887054683402010880e-01 6.065856207440643022e-01 3.809337948220092307e-01 3.453959146820390069e-01 5.750588884564402647e-01 5.484222890379096826e-01 5.230399369956180156e-01 3.118023968448399574e-01
1.413395289347300077e-01 3.104401719187350750e-01 3.790173998393642774e-01 6.027934036559451370e-01 3.705845526732594597e-01 3.657956057738729339e-01 5.811638947829914637e-01 5.489598172589055247e-01 5.284800001283135318e-01 3.082073421648875988e-01
1.427508893196943462e-01 3.274524954235693563e-01 3.701520830617696101e-01 5.971962945376056986e-01 3.600621098626619054e-01 3.814415791354833773e-01 5.805562914605140179e-01 5.492466713945226564e-01 5.306697491005861744e-01 3.082811003211022305e-01
1.464127295313036592e-01 3.441777253647576584e-01 3.616036637166240020e-01 5.881961643420385855e-01 3.533997080472248697e-01 3.956278531239658114e-01 5.795581487811473087e-01 5.431760380430897817e-01 5.280677808689616670e-01 3.058135808447097204e-01
